Sample ID	NR-AhR	NR-AR	NR-AR-LBD	NR-Aromatase	NR-ER	NR-ER-LBD	NR-PPAR-gamma	SR-ARE	SR-ATAD5	SR-HSE	SR-MMP	SR-p53
NCGC00261900-01	0	1	x	0	0	0	0	x	0	0	x	0
NCGC00260869-01	0	1	x	x	0	0	0	0	0	0	0	0
NCGC00261776-01	1	1	0	x	1	0	0	1	1	0	1	0
NCGC00261380-01	x	0	x	1	0	x	x	1	0	x	0	x
NCGC00261842-01	0	0	0	x	0	0	0	0	0	0	x	1
NCGC00261662-01	1	0	0	x	1	1	1	x	1	1	x	1
NCGC00261190-01	x	0	0	x	1	0	0	1	0	0	1	1
NCGC00260731-01	x	0	0	x	1	0	0	x	0	0	1	1
NCGC00261926-01	0	0	x	x	x	0	x	x	1	0	0	0
NCGC00261579-01	x	0	x	0	x	0	0	x	0	0	x	1
NCGC00260921-01	0	0	0	1	0	0	0	x	x	0	1	0
NCGC00261119-01	1	0	0	1	x	0	0	0	1	0	0	0
NCGC00260957-01	x	0	x	x	0	0	0	1	0	x	1	x
NCGC00261812-01	x	0	0	0	x	0	0	x	0	0	x	0
NCGC00260831-01	1	0	x	x	1	x	x	1	1	x	x	x
NCGC00261544-01	0	0	0	0	0	0	0	0	0	0	0	0
NCGC00261619-01	x	0	0	1	0	0	x	0	0	x	1	x
NCGC00261633-01	0	0	0	0	0	0	0	x	0	0	0	0
NCGC00261395-01	1	0	x	0	0	0	0	0	0	0	0	0
NCGC00261717-01	1	0	1	x	x	0	0	1	1	0	1	0
NCGC00261947-01	x	0	x	x	x	0	x	x	1	0	x	x
NCGC00261424-01	0	0	0	0	1	1	0	x	0	0	0	1
NCGC00261861-01	0	0	0	x	x	0	0	0	0	0	x	1
NCGC00261924-01	0	0	0	0	0	0	1	x	0	0	0	0
NCGC00261052-01	0	0	1	x	x	1	1	x	0	x	1	1
NCGC00261683-01	1	0	1	x	1	1	1	x	0	1	0	1
NCGC00261026-01	0	0	x	1	0	0	x	x	0	0	0	1
NCGC00261057-01	0	0	0	0	0	0	0	0	0	0	0	0
NCGC00261738-01	0	0	0	0	0	0	0	0	0	0	0	0
NCGC00261348-01	0	0	0	0	x	0	0	0	0	0	0	0
NCGC00261503-01	0	0	0	0	0	0	0	0	0	0	0	0
NCGC00260693-01	0	0	0	0	0	0	0	0	0	0	0	0
NCGC00260703-01	0	0	0	0	0	0	0	0	0	0	0	0
NCGC00260716-01	0	0	0	0	0	0	0	0	0	0	0	0
NCGC00260782-01	0	0	0	0	0	0	0	0	0	0	0	0
NCGC00260802-01	0	0	0	0	0	0	0	0	0	0	0	0
NCGC00260823-01	0	0	0	0	0	0	0	0	0	0	0	0
NCGC00261313-01	0	0	0	0	0	0	0	0	0	0	0	0
NCGC00260757-01	0	0	0	0	0	0	0	0	0	0	0	0
NCGC00260826-01	0	0	0	x	x	0	0	0	0	0	0	0
NCGC00261005-01	0	0	0	0	0	0	0	0	0	0	0	0
NCGC00260980-01	0	0	0	0	0	0	0	0	0	0	0	0
NCGC00261816-01	0	0	0	0	x	0	0	x	0	0	x	x
NCGC00260698-01	0	0	0	0	0	0	0	0	0	0	0	0
NCGC00260889-01	0	0	0	0	0	0	0	0	0	0	0	0
NCGC00260811-01	0	0	0	0	0	0	0	0	0	0	0	0
NCGC00261165-01	0	0	0	0	0	0	0	0	0	0	0	0
NCGC00261060-01	0	0	0	0	0	0	0	0	0	0	0	0
NCGC00261541-01	0	0	0	0	0	0	0	0	0	0	0	0
NCGC00261649-01	0	0	0	0	0	0	0	0	0	0	0	0
NCGC00261110-01	1	0	0	0	0	0	0	1	0	0	0	0
NCGC00261130-01	1	0	x	x	0	0	0	x	0	0	0	0
NCGC00260846-01	0	0	0	0	0	0	0	1	0	0	x	0
NCGC00261030-01	0	0	x	x	x	0	0	x	0	0	0	0
NCGC00261162-01	0	0	x	0	0	0	0	x	0	0	0	0
NCGC00261058-01	0	0	0	0	0	0	1	1	0	0	1	1
NCGC00261404-01	0	0	0	0	0	0	0	x	x	0	0	0
NCGC00261423-01	1	0	0	x	1	0	x	1	1	0	0	0
NCGC00261856-01	1	0	0	x	1	0	0	1	1	0	0	0
NCGC00261342-01	0	0	0	0	1	1	0	0	0	0	x	0
NCGC00261935-01	0	0	0	0	0	0	0	0	0	0	0	0
NCGC00261069-01	0	0	0	0	0	0	0	0	0	0	0	0
NCGC00261101-01	0	0	0	1	0	0	0	1	0	0	0	0
NCGC00261183-01	0	0	0	x	0	0	x	0	0	0	0	0
NCGC00261716-01	0	0	0	0	0	0	0	0	0	0	x	0
NCGC00260742-01	0	0	0	0	0	0	0	0	0	0	0	0
NCGC00261529-01	0	0	0	x	0	0	0	1	0	x	x	0
NCGC00261170-01	0	0	0	1	0	0	x	x	0	0	x	x
NCGC00261565-01	0	0	0	0	0	0	0	0	0	0	0	0
NCGC00260990-01	1	0	x	0	0	0	0	1	0	0	x	1
NCGC00261340-01	1	0	0	x	0	0	0	0	0	0	0	0
NCGC00261079-01	0	0	0	0	x	0	0	0	0	0	0	0
NCGC00261389-01	0	0	0	0	0	0	0	0	0	0	0	0
NCGC00261744-01	0	0	0	0	0	0	0	0	0	0	0	0
NCGC00261420-01	0	0	0	x	x	0	0	1	0	0	x	1
NCGC00261215-01	0	0	0	0	0	0	1	0	0	0	0	0
NCGC00261826-01	0	0	0	0	0	0	0	x	0	0	x	0
NCGC00260706-01	0	0	x	0	0	0	0	0	0	x	0	0
NCGC00261123-01	0	0	0	0	0	0	0	0	0	0	0	0
NCGC00261367-01	0	0	0	0	1	0	1	x	x	0	0	0
NCGC00261507-01	0	0	0	1	0	0	0	x	0	0	0	0
NCGC00261169-01	0	0	0	x	0	0	0	0	0	0	x	0
NCGC00261730-01	0	0	0	0	0	0	0	x	0	0	0	0
NCGC00261624-01	0	0	0	0	0	0	0	0	0	0	0	0
NCGC00261641-01	0	0	0	0	0	0	0	0	0	0	0	0
NCGC00261853-01	0	0	0	0	0	0	0	0	0	0	1	0
NCGC00260911-01	0	0	0	x	x	x	0	0	0	0	0	0
NCGC00260798-01	0	0	0	0	0	0	0	0	0	0	0	0
NCGC00261384-01	1	0	0	0	0	0	0	0	0	0	0	0
NCGC00260785-01	0	0	0	0	0	0	0	x	0	0	0	0
NCGC00261597-01	0	0	0	0	0	0	0	0	0	0	0	0
NCGC00261025-01	0	0	0	0	0	0	0	0	0	0	0	0
NCGC00260789-01	0	0	0	x	0	0	0	1	0	0	1	0
NCGC00260866-01	1	0	0	0	0	0	0	0	1	0	0	0
NCGC00261189-01	0	0	0	0	1	1	0	x	0	0	0	1
NCGC00261270-01	0	0	x	0	1	0	0	0	0	0	0	0
NCGC00261611-01	0	0	x	0	x	0	0	0	0	0	x	0
NCGC00261160-01	0	0	x	x	x	x	0	x	x	x	x	1
NCGC00261085-01	0	0	0	0	0	0	0	0	0	0	0	0
NCGC00261817-01	0	0	x	x	0	0	0	x	0	0	x	0
NCGC00261866-01	0	0	0	0	0	0	0	0	0	0	x	0
NCGC00260852-01	0	0	0	x	1	0	0	0	0	0	0	0
NCGC00261290-01	0	0	0	0	0	0	0	0	0	0	x	0
NCGC00261304-01	1	0	x	1	x	0	0	x	0	0	1	x
NCGC00261704-01	1	0	0	1	0	0	0	x	0	0	0	0
NCGC00260850-01	0	0	0	0	0	0	0	0	0	0	x	0
NCGC00260972-01	0	0	0	0	0	0	0	1	0	0	0	x
NCGC00261364-01	0	0	0	0	0	0	0	0	0	0	0	0
NCGC00261392-01	0	0	0	x	0	0	1	1	0	0	0	0
NCGC00261638-01	1	0	0	0	0	0	0	0	0	0	0	1
NCGC00261820-01	0	0	0	0	0	0	0	0	0	0	0	0
NCGC00261808-01	0	0	0	x	0	0	0	x	0	0	0	0
NCGC00260790-01	0	0	0	0	0	0	0	0	0	0	0	0
NCGC00260940-01	1	0	0	x	1	0	0	0	x	0	x	x
NCGC00261081-01	0	0	0	x	0	0	0	x	0	0	0	0
NCGC00261506-01	x	0	0	0	0	0	0	x	0	0	x	0
NCGC00261133-01	0	0	0	0	0	0	0	0	0	x	x	0
NCGC00261399-01	0	0	0	x	1	0	0	1	0	0	0	0
NCGC00260696-01	0	0	0	0	0	0	1	0	0	0	0	0
NCGC00261903-01	0	0	x	0	x	0	0	x	x	0	x	x
NCGC00261178-01	0	0	0	0	1	0	0	0	0	0	x	1
NCGC00261568-01	0	0	0	0	0	0	0	0	0	0	0	0
NCGC00260830-01	0	0	0	0	0	0	0	0	0	0	0	0
NCGC00261113-01	0	0	0	0	0	0	0	0	0	0	0	0
NCGC00261327-01	0	0	0	0	0	0	0	0	1	0	0	0
NCGC00261602-01	1	0	0	0	0	0	0	1	0	0	0	0
NCGC00260858-01	0	0	x	1	0	0	0	1	0	0	x	0
NCGC00261071-01	0	0	x	0	x	0	1	x	0	0	0	x
NCGC00261076-01	0	0	0	0	0	0	0	0	0	0	0	0
NCGC00261192-01	0	0	0	0	0	0	0	0	0	0	x	0
NCGC00261495-01	0	0	0	0	0	0	0	0	0	0	0	0
NCGC00261577-01	1	0	x	0	0	0	0	1	0	x	1	1
NCGC00261510-01	0	0	x	0	0	0	0	0	0	0	0	x
NCGC00261679-01	1	0	x	0	0	0	x	0	0	0	x	0
NCGC00261941-01	0	0	0	0	0	0	0	1	0	0	0	0
NCGC00261343-01	0	0	x	0	0	0	0	x	0	0	x	1
NCGC00261607-01	0	0	0	0	0	0	0	x	0	0	0	0
NCGC00261782-01	0	0	0	0	0	0	0	0	0	0	0	0
NCGC00261914-01	0	0	0	0	0	0	0	0	0	0	0	x
NCGC00261475-01	0	0	x	0	0	0	0	x	x	0	x	0
NCGC00261764-01	1	0	0	x	0	0	1	x	0	0	1	1
NCGC00261802-01	0	0	0	0	0	x	x	0	0	1	1	1
NCGC00261813-01	x	0	x	x	0	0	0	0	x	0	0	0
NCGC00260795-01	0	0	x	0	0	x	1	0	0	0	0	0
NCGC00261352-01	0	0	0	0	0	0	0	0	0	0	x	0
NCGC00261009-01	1	0	0	x	0	0	0	1	0	0	x	0
NCGC00261944-01	0	0	0	0	1	0	x	1	0	0	x	0
NCGC00261166-01	1	0	0	x	0	0	0	x	0	0	1	0
NCGC00261332-01	1	0	1	x	1	1	1	1	1	0	x	x
NCGC00261333-01	1	0	x	1	0	0	0	1	x	1	x	1
NCGC00261260-01	0	0	1	x	1	1	0	0	0	0	1	0
NCGC00261915-01	1	0	x	1	x	x	0	x	x	0	1	0
NCGC00261238-01	x	0	0	0	1	1	0	1	0	0	x	0
NCGC00261682-01	0	0	0	0	0	0	0	0	0	0	0	0
NCGC00261049-01	0	0	0	0	0	0	0	x	0	0	0	0
NCGC00260910-01	0	0	0	0	0	0	0	x	0	0	x	0
NCGC00261272-01	0	0	0	0	0	0	0	0	0	0	0	0
NCGC00260708-01	0	0	0	0	1	0	0	0	0	0	0	0
NCGC00261390-01	0	0	0	0	0	0	0	0	0	0	0	0
NCGC00260948-01	0	0	0	0	x	0	0	0	0	0	0	0
NCGC00261840-01	0	0	0	0	0	0	1	0	0	0	0	0
NCGC00260881-01	0	0	0	0	0	0	0	0	0	0	0	0
NCGC00261153-01	0	0	0	0	0	0	0	0	0	0	0	0
NCGC00261406-01	0	0	0	0	0	0	0	0	0	0	0	0
NCGC00261053-01	0	0	0	0	0	0	0	0	0	0	0	0
NCGC00261129-01	0	0	0	0	0	0	0	0	0	0	0	0
NCGC00261381-01	0	0	0	0	0	0	x	x	0	0	1	0
NCGC00261426-01	1	0	x	0	0	0	0	1	x	0	x	1
NCGC00260979-01	0	0	0	1	0	0	1	x	1	0	0	0
NCGC00260993-01	0	0	0	0	0	0	1	0	x	0	0	0
NCGC00261108-01	0	0	0	1	0	0	0	0	0	0	0	0
NCGC00261441-01	0	0	0	0	0	0	0	0	0	0	0	0
NCGC00261877-01	0	0	0	0	0	0	0	0	0	0	0	0
NCGC00260815-01	0	0	0	x	0	0	0	0	0	0	0	0
NCGC00261542-01	0	0	x	x	x	x	0	x	0	0	1	x
NCGC00261958-01	0	0	0	0	0	0	0	0	0	0	0	0
NCGC00261787-01	0	0	0	0	0	0	0	0	0	0	0	0
NCGC00261065-01	0	0	0	x	0	0	1	0	0	0	x	0
NCGC00261804-01	1	0	0	x	0	0	0	1	0	0	x	1
NCGC00260875-01	1	0	0	x	0	0	1	0	0	0	1	0
NCGC00261451-01	0	0	0	0	0	0	0	0	0	0	x	0
NCGC00261739-01	0	0	0	0	x	0	0	0	0	0	x	0
NCGC00261948-01	x	0	0	1	0	0	x	0	0	0	x	x
NCGC00261382-01	0	0	x	x	0	0	0	1	0	0	x	x
NCGC00261663-01	0	0	0	x	x	0	0	x	0	0	0	0
NCGC00260892-01	0	0	0	0	0	0	0	0	0	0	0	0
NCGC00261297-01	0	0	0	0	0	0	0	x	0	0	0	0
NCGC00261321-01	0	0	0	0	0	0	0	0	1	x	0	0
NCGC00261446-01	1	0	0	0	0	0	0	0	0	0	x	0
NCGC00261474-01	0	0	0	0	0	0	0	0	0	0	0	0
NCGC00260834-01	0	0	0	0	0	0	0	0	0	0	0	0
NCGC00260840-01	0	0	0	0	0	0	x	0	0	0	0	0
NCGC00260947-01	0	0	0	x	0	0	1	0	0	0	0	0
NCGC00261080-01	0	0	0	x	0	0	x	0	1	0	0	0
NCGC00261563-01	0	0	0	x	0	0	0	0	x	0	0	0
NCGC00261873-01	0	0	0	0	0	0	0	0	0	0	0	0
NCGC00260803-01	0	0	0	0	0	0	0	x	1	0	0	0
NCGC00260833-01	0	0	0	0	x	0	0	0	0	0	0	0
NCGC00261008-01	0	0	0	0	0	0	0	0	0	0	0	0
NCGC00261155-01	0	0	0	0	0	0	1	0	1	0	0	0
NCGC00261643-01	0	0	0	x	0	0	1	0	1	0	0	0
NCGC00261037-01	0	0	0	0	0	0	0	0	0	0	0	0
NCGC00261126-01	0	0	0	0	0	0	0	x	0	0	x	0
NCGC00260871-01	0	0	0	0	x	0	0	1	0	0	1	0
NCGC00260713-01	0	0	0	0	0	0	0	0	0	0	0	0
NCGC00261487-01	0	0	0	0	0	0	0	0	0	0	0	0
NCGC00261545-01	0	0	0	0	0	0	0	0	0	0	0	0
NCGC00261480-01	0	0	0	1	0	0	0	x	0	0	0	0
NCGC00261838-01	0	0	0	0	0	0	0	0	0	0	0	0
NCGC00261627-01	0	0	0	0	0	0	0	0	0	0	0	0
NCGC00261639-01	0	0	0	0	0	0	0	0	0	0	0	0
NCGC00261177-01	0	0	0	x	0	0	0	0	0	0	0	0
NCGC00260692-01	0	0	0	0	0	0	0	0	0	0	0	0
NCGC00260775-01	0	0	0	0	0	0	0	0	0	0	0	0
NCGC00260876-01	0	0	0	0	0	0	0	0	0	0	0	0
NCGC00261598-01	0	0	0	0	0	0	0	0	0	0	0	0
NCGC00260707-01	0	0	0	x	0	0	0	0	1	0	0	0
NCGC00261554-01	1	0	0	x	0	0	0	x	0	0	0	0
NCGC00261713-01	1	0	0	x	1	0	0	1	1	0	0	0
NCGC00261737-01	1	0	0	x	0	0	1	1	0	0	x	x
NCGC00261882-01	0	0	0	x	0	0	0	0	0	0	x	0
NCGC00261933-01	0	0	0	0	0	0	0	0	0	0	0	0
NCGC00261201-01	0	0	0	x	0	0	0	0	0	0	0	1
NCGC00261398-01	0	0	0	0	0	0	0	0	0	0	0	0
NCGC00261601-01	0	0	0	0	0	0	0	0	0	0	0	0
NCGC00261003-01	0	0	x	x	x	x	x	1	1	0	0	x
NCGC00261019-01	0	0	0	0	0	0	0	0	0	0	0	0
NCGC00261519-01	0	0	x	0	0	0	0	0	0	0	0	0
NCGC00261732-01	0	0	0	0	0	0	0	x	0	0	0	0
NCGC00261718-01	0	0	0	x	0	0	x	0	0	0	0	0
NCGC00260743-01	0	0	0	0	0	0	0	0	0	0	0	0
NCGC00260751-01	0	0	0	x	0	0	0	1	0	0	0	0
NCGC00260867-01	0	0	0	0	0	0	0	0	0	0	0	0
NCGC00260982-01	0	0	x	0	0	0	0	0	0	0	0	0
NCGC00261176-01	0	0	0	0	0	0	0	0	0	0	0	0
NCGC00261289-01	0	0	0	0	0	0	0	0	0	0	0	0
NCGC00261440-01	0	0	0	0	0	0	0	0	0	0	0	0
NCGC00261657-01	0	0	0	0	0	0	0	0	0	0	0	0
NCGC00260822-01	1	0	0	1	0	0	x	x	0	0	1	0
NCGC00261142-01	0	0	0	x	0	0	x	x	0	0	0	1
NCGC00261582-01	0	0	0	0	1	0	0	x	0	0	0	0
NCGC00261825-01	0	0	0	0	0	0	0	x	0	0	1	0
NCGC00261833-01	0	0	0	0	0	0	0	x	0	0	x	0
NCGC00261835-01	0	0	0	x	0	0	0	0	0	0	0	0
NCGC00261860-01	0	0	x	x	x	0	0	1	x	0	1	1
NCGC00261906-01	1	0	x	0	0	0	0	x	x	0	1	0
NCGC00261916-01	1	0	0	0	0	0	0	1	0	0	0	0
NCGC00261939-01	0	0	x	1	x	0	0	x	x	0	x	x
NCGC00261869-01	0	0	0	0	0	0	0	0	0	0	0	0
NCGC00261163-01	0	0	0	0	0	0	0	0	0	0	0	0
NCGC00261653-01	0	0	0	0	0	0	0	0	0	0	0	0
NCGC00261248-01	0	0	0	0	x	0	0	0	0	0	0	0
NCGC00260770-01	0	0	0	0	0	0	0	0	0	0	0	0
NCGC00261013-01	0	0	0	0	0	0	0	0	0	0	0	0
NCGC00261910-01	1	0	0	x	0	0	0	1	1	0	1	0
NCGC00261686-01	0	0	0	0	0	0	0	0	0	0	0	0
NCGC00261147-01	0	0	0	0	0	0	x	0	0	0	0	0
NCGC00261578-01	0	0	0	0	0	0	0	0	0	0	0	0
NCGC00261336-01	0	0	0	0	x	0	0	0	0	0	0	0
NCGC00261593-01	0	0	0	0	0	0	0	0	0	0	0	0
NCGC00260821-01	0	0	x	x	1	0	0	1	0	0	0	0
NCGC00261007-01	0	0	0	0	0	0	0	0	0	0	0	0
NCGC00261246-01	0	0	0	0	0	0	0	0	0	0	0	0
NCGC00261949-01	0	0	x	0	0	0	0	0	0	0	0	0
NCGC00260890-01	0	0	0	0	0	0	0	1	0	0	0	0
NCGC00261294-01	0	0	0	0	0	0	0	0	0	0	0	0
NCGC00261330-01	0	0	0	0	0	0	0	x	0	0	0	0
NCGC00261470-01	0	0	0	0	1	0	0	0	0	0	0	0
NCGC00260691-01	0	0	0	0	0	0	0	0	0	0	0	0
NCGC00261693-01	0	0	0	0	0	0	0	0	0	0	0	0
NCGC00261293-01	0	0	0	x	0	0	0	x	0	0	x	0
NCGC00261018-01	0	0	0	1	0	0	0	x	0	0	0	0
NCGC00261075-01	1	0	0	x	0	0	0	1	0	0	0	0
NCGC00261150-01	0	0	0	0	0	0	0	x	0	0	0	0
NCGC00261767-01	0	0	0	0	0	0	0	x	0	0	0	0
NCGC00261824-01	0	0	0	0	0	0	0	0	0	0	0	0
NCGC00261146-01	0	0	0	0	0	0	0	0	0	0	0	0
NCGC00260817-01	0	0	0	0	0	0	0	1	0	0	0	0
NCGC00261161-01	0	0	0	0	0	0	0	0	0	0	0	0
NCGC00260728-01	0	0	0	0	0	0	0	0	0	0	0	0
NCGC00261286-01	0	0	0	0	0	0	0	0	0	0	0	x
NCGC00261254-01	0	0	0	0	x	0	0	0	0	0	0	0
NCGC00261261-01	0	0	0	0	0	0	0	0	0	0	0	0
NCGC00261691-01	0	0	0	x	0	0	0	0	0	0	x	0
NCGC00261921-01	0	0	0	0	0	0	0	0	0	0	0	0
NCGC00260962-01	0	0	0	0	0	0	0	0	0	0	0	0
NCGC00261028-01	0	0	0	0	1	x	0	0	0	0	0	0
NCGC00261349-01	0	0	0	0	0	0	0	0	0	0	0	0
NCGC00261583-01	0	0	0	x	1	0	1	1	1	0	x	1
NCGC00261672-01	0	0	0	0	0	0	0	0	0	0	0	0
NCGC00261620-01	0	0	x	0	0	0	x	x	0	0	x	x
NCGC00261141-01	0	0	x	0	0	0	0	0	0	0	0	0
NCGC00261752-01	0	0	0	x	0	0	0	0	0	0	0	0
NCGC00261828-01	0	0	0	1	0	1	0	x	0	0	0	0
NCGC00261913-01	0	0	0	0	0	0	0	0	0	0	0	0
NCGC00261473-01	0	0	0	0	1	0	0	1	0	0	0	0
NCGC00356953-01	0	0	x	1	1	0	0	0	0	0	0	0
NCGC00357009-01	0	0	0	0	x	0	0	0	0	0	0	0
NCGC00357188-01	0	x	x	1	x	x	0	1	0	0	x	1
NCGC00357201-01	0	x	x	x	x	x	x	x	1	1	1	0
NCGC00357189-01	0	x	x	x	x	x	0	x	0	0	1	0
NCGC00357163-01	0	0	0	0	0	0	0	0	0	0	0	0
NCGC00357001-01	0	0	0	0	0	0	0	0	0	0	0	0
NCGC00357030-01	0	0	0	0	x	0	0	0	0	0	0	0
NCGC00357123-01	0	0	0	0	0	0	0	0	0	0	0	0
NCGC00357091-01	x	0	0	0	0	0	0	0	0	0	0	0
NCGC00357004-01	0	0	0	0	0	0	0	0	0	0	0	0
NCGC00357103-01	0	0	0	0	0	0	0	0	0	0	0	0
NCGC00357289-01	0	x	x	1	x	0	0	0	0	0	0	0
NCGC00357082-01	1	x	x	1	x	x	0	x	0	0	x	1
NCGC00356999-01	0	x	0	0	0	0	0	0	0	0	0	0
NCGC00357116-01	0	0	0	0	0	0	0	0	0	0	0	0
NCGC00357010-01	0	0	0	0	0	0	0	0	0	0	0	0
NCGC00357057-01	x	0	0	x	1	0	0	0	0	0	0	0
NCGC00357171-01	0	0	0	0	0	0	0	0	0	0	0	0
NCGC00356964-01	0	0	0	0	0	0	0	0	0	0	0	0
NCGC00356995-01	0	0	0	0	x	0	0	0	0	0	0	0
NCGC00357062-01	1	x	x	x	x	x	0	1	0	1	1	1
NCGC00357205-01	0	0	0	0	0	0	0	0	0	0	0	0
NCGC00357185-01	0	0	0	0	x	x	0	0	0	0	0	0
NCGC00357028-01	1	0	0	0	x	0	0	0	0	0	x	0
NCGC00357064-01	0	0	0	0	0	0	0	0	0	0	0	0
NCGC00357196-01	0	0	0	0	0	0	0	0	0	0	0	0
NCGC00357271-01	0	0	x	x	x	x	x	0	0	x	x	x
NCGC00357213-01	x	0	0	0	x	x	0	x	0	0	0	0
NCGC00357198-01	0	0	0	0	x	x	0	0	0	0	0	0
NCGC00357079-01	0	x	0	0	x	0	0	0	0	0	0	0
NCGC00356984-01	0	x	x	x	x	x	1	1	0	1	1	x
NCGC00357080-01	0	x	0	0	0	0	0	0	0	0	0	0
NCGC00357173-01	0	0	0	0	0	0	0	0	0	0	0	0
NCGC00357277-01	0	0	0	0	0	x	x	0	x	1	0	0
NCGC00357240-01	0	0	0	0	0	0	x	0	0	0	0	0
NCGC00357145-01	0	x	0	0	x	0	0	0	0	0	0	0
NCGC00357157-01	0	0	0	0	0	0	0	0	0	0	0	0
NCGC00357160-01	0	0	0	0	0	0	0	0	0	0	0	0
NCGC00357107-01	0	1	0	0	0	0	0	0	0	0	0	0
NCGC00357106-01	0	x	0	0	0	0	0	0	0	0	0	0
NCGC00357047-01	0	0	0	0	x	0	0	0	0	0	0	0
NCGC00357174-01	0	0	0	0	0	0	0	0	0	0	0	0
NCGC00357090-01	0	0	0	0	0	0	0	1	0	0	0	0
NCGC00357204-01	0	0	0	0	0	0	0	0	0	0	0	0
NCGC00357214-01	0	0	0	0	1	x	0	0	0	0	0	0
NCGC00357124-01	0	0	0	0	0	0	0	0	0	0	0	0
NCGC00356983-01	0	0	0	0	0	0	0	0	0	0	0	0
NCGC00357092-01	0	x	0	0	0	0	0	0	0	0	0	0
NCGC00357042-01	0	0	0	0	0	0	0	0	0	x	0	0
NCGC00357036-01	0	0	0	0	0	0	0	0	x	0	0	0
NCGC00357089-01	0	0	0	0	0	0	0	0	0	0	0	0
NCGC00357170-01	0	0	0	0	0	0	0	0	0	0	0	0
NCGC00357132-01	0	0	0	0	0	0	0	0	0	0	0	0
NCGC00357265-01	0	0	0	0	0	0	0	0	0	0	0	0
NCGC00357260-01	0	0	0	0	x	0	0	0	0	0	0	0
NCGC00357023-01	0	0	0	0	0	0	0	0	0	0	0	0
NCGC00357114-01	0	x	0	0	0	0	0	0	0	0	0	0
NCGC00357033-01	0	0	0	0	x	0	0	0	0	0	0	0
NCGC00357120-01	0	0	0	0	0	0	0	0	0	0	0	0
NCGC00356963-01	0	0	0	0	x	0	0	0	0	0	0	0
NCGC00357055-01	0	x	0	x	0	1	0	0	0	x	x	0
NCGC00357139-01	0	x	0	0	0	0	0	0	0	0	0	0
NCGC00357026-01	1	x	0	x	1	0	0	0	1	0	1	0
NCGC00357242-01	0	x	0	x	x	0	0	1	x	1	1	0
NCGC00357161-01	0	0	0	0	0	0	0	0	0	0	0	0
NCGC00357279-01	0	0	0	0	x	0	0	0	0	0	0	0
NCGC00357288-01	1	0	0	x	x	x	0	1	0	1	x	0
NCGC00356973-01	0	0	0	0	0	0	0	0	0	0	0	0
NCGC00357143-01	0	0	0	0	x	0	0	0	0	0	0	0
NCGC00357182-01	0	0	0	0	0	0	0	0	0	0	0	0
NCGC00356971-01	0	0	0	x	0	x	0	0	0	0	0	0
NCGC00357084-01	0	0	0	0	0	0	0	0	0	0	0	0
NCGC00357112-01	0	x	0	0	0	0	0	0	0	0	0	0
NCGC00356962-01	0	0	0	0	x	0	0	0	0	0	0	0
NCGC00356993-01	0	0	0	0	x	0	x	0	0	0	x	0
NCGC00357284-01	1	x	0	x	x	x	0	1	0	1	x	1
NCGC00357046-01	0	x	0	1	0	0	1	1	0	0	0	0
NCGC00357000-01	0	0	0	0	0	0	0	0	0	0	0	0
NCGC00357012-01	0	0	0	0	0	0	0	0	0	0	0	0
NCGC00356939-01	0	0	0	0	0	0	0	0	0	0	0	0
NCGC00356955-01	0	0	0	0	0	0	0	0	0	0	x	0
NCGC00357262-01	0	0	0	0	x	0	0	0	0	0	0	0
NCGC00356991-01	1	x	0	x	x	0	0	x	1	x	x	0
NCGC00357203-01	0	0	0	0	0	0	0	0	0	0	x	0
NCGC00357049-01	0	0	0	0	0	0	0	0	0	0	0	0
NCGC00357164-01	0	0	0	0	0	0	0	0	0	0	0	0
NCGC00357073-01	0	0	0	0	0	0	0	0	0	0	0	0
NCGC00357043-01	0	0	0	0	0	0	0	0	0	0	0	0
NCGC00357269-01	0	x	0	0	0	0	0	0	0	0	0	0
NCGC00357266-01	0	0	0	0	x	0	0	0	0	0	0	0
NCGC00357076-01	0	0	0	0	0	0	0	0	0	0	0	0
NCGC00357153-01	0	0	0	0	0	0	0	0	0	0	0	0
NCGC00357138-01	0	x	0	0	0	0	0	0	0	0	0	0
NCGC00357071-01	0	0	0	0	0	0	0	0	0	0	0	0
NCGC00357274-01	0	0	0	0	0	0	0	0	0	0	0	0
NCGC00356981-01	0	0	0	0	1	x	0	0	0	0	0	0
NCGC00357278-01	0	0	0	0	0	0	x	0	0	0	0	0
NCGC00357113-01	0	x	0	0	0	0	0	0	0	0	0	0
NCGC00357218-01	0	x	0	x	1	x	0	1	0	x	x	1
NCGC00357018-01	x	0	x	0	1	1	0	x	0	0	x	0
NCGC00357048-01	0	0	0	0	0	0	0	0	0	0	0	0
NCGC00357162-01	0	0	0	0	0	0	0	0	0	0	0	0
NCGC00356941-01	0	0	0	0	0	0	0	0	0	0	0	0
NCGC00357184-01	0	0	0	0	0	x	0	0	0	0	0	0
NCGC00357238-01	0	0	0	0	x	0	0	0	0	0	0	0
NCGC00357220-01	0	0	0	0	0	0	0	0	0	0	0	0
NCGC00357252-01	0	0	0	0	0	0	0	1	0	0	0	0
NCGC00357159-01	0	0	0	0	0	0	0	0	0	0	0	0
NCGC00356947-01	0	x	0	0	0	0	0	0	0	0	0	0
NCGC00357063-01	0	0	0	0	x	0	0	0	0	0	0	0
NCGC00356982-01	0	0	0	0	x	0	0	0	0	0	0	0
NCGC00357219-01	0	0	0	0	x	0	0	0	0	0	x	0
NCGC00357037-01	0	0	0	0	0	0	0	0	0	0	0	0
NCGC00356975-01	0	0	0	0	x	0	0	0	0	0	0	0
NCGC00357169-01	0	0	0	0	0	0	0	0	0	0	0	0
NCGC00357022-01	0	0	0	0	0	0	0	0	0	0	0	0
NCGC00357165-01	0	0	0	0	0	0	0	0	0	0	0	0
NCGC00357122-01	0	x	0	1	x	1	0	x	0	0	x	0
NCGC00357212-01	0	0	0	0	x	0	0	0	0	0	0	0
NCGC00357263-01	1	0	0	0	0	0	0	0	0	0	x	0
NCGC00357052-01	0	x	0	1	0	1	0	0	0	1	1	0
NCGC00356952-01	0	0	0	0	0	0	0	0	0	0	0	0
NCGC00357225-01	0	0	0	0	0	0	0	0	0	0	0	0
NCGC00357105-01	x	x	0	0	0	0	0	0	0	0	0	0
NCGC00356944-01	0	0	0	0	0	0	0	0	0	0	0	0
NCGC00356977-01	x	x	x	x	x	x	x	x	0	x	1	0
NCGC00357053-01	0	0	0	0	0	0	0	0	0	0	0	0
NCGC00357202-01	0	0	0	0	0	0	0	1	0	0	0	0
NCGC00357013-01	1	0	0	1	0	0	0	1	0	1	0	0
NCGC00357131-01	0	0	0	0	0	0	0	0	0	0	0	0
NCGC00357127-01	0	0	0	0	0	0	0	0	0	0	0	0
NCGC00357147-01	0	0	0	0	0	0	0	0	0	0	0	0
NCGC00357267-01	0	0	0	0	0	0	0	0	0	0	0	0
NCGC00356979-01	0	0	0	0	0	0	0	0	0	0	0	0
NCGC00357179-01	0	0	0	0	0	0	0	0	0	0	0	0
NCGC00356945-01	0	0	0	0	x	0	0	0	0	0	0	0
NCGC00357068-01	0	0	0	0	x	0	0	0	0	0	0	0
NCGC00357002-01	0	0	0	0	0	0	0	0	0	0	0	0
NCGC00356974-01	0	0	0	0	0	0	1	0	0	0	0	0
NCGC00357109-01	1	1	0	x	1	0	0	1	0	0	1	0
NCGC00356988-01	0	0	0	0	x	0	0	0	0	0	x	0
NCGC00357117-01	0	0	0	0	0	0	0	0	0	0	0	0
NCGC00357239-01	0	0	0	0	0	0	0	0	0	0	0	0
NCGC00356961-01	0	0	0	0	x	0	0	0	0	0	0	0
NCGC00356966-01	0	0	0	0	0	0	0	0	0	0	0	0
NCGC00356996-01	0	0	0	0	0	0	0	0	0	0	0	0
NCGC00356950-01	1	x	0	0	0	0	0	0	0	0	0	0
NCGC00356969-01	0	0	0	0	x	0	0	0	0	0	0	0
NCGC00357050-01	0	0	0	0	0	0	0	0	0	0	0	0
NCGC00357258-01	0	0	0	0	0	0	0	0	0	0	0	0
NCGC00357186-01	0	0	0	0	x	x	0	0	0	0	0	0
NCGC00357115-01	0	0	0	0	0	0	0	0	0	0	0	0
NCGC00356940-01	0	0	0	0	0	0	0	0	0	0	0	0
NCGC00357130-01	0	0	0	0	0	0	0	0	0	0	0	0
NCGC00356959-01	0	0	0	0	0	0	0	0	0	0	0	0
NCGC00356985-01	0	0	0	0	x	0	0	0	0	0	0	0
NCGC00357125-01	0	0	0	0	0	0	0	0	0	0	0	0
NCGC00357270-01	0	0	0	0	0	0	0	0	0	0	0	0
NCGC00357031-01	0	x	0	0	0	0	0	0	0	0	0	0
NCGC00357137-01	0	x	0	0	0	0	0	0	0	0	0	0
NCGC00357102-01	0	0	0	0	x	0	0	0	0	0	0	0
NCGC00357228-01	0	0	0	0	x	x	0	0	0	0	0	0
NCGC00356965-01	1	1	0	x	1	0	0	1	1	0	x	0
NCGC00357151-01	0	1	x	0	0	0	0	1	0	0	0	0
NCGC00357280-01	0	0	0	x	x	0	0	x	0	0	x	0
NCGC00357097-01	1	0	0	0	0	0	0	0	0	0	x	0
NCGC00357272-01	0	0	0	0	x	0	0	0	0	0	0	0
NCGC00357229-01	0	0	0	0	1	1	0	0	0	0	0	0
NCGC00357200-01	0	0	0	0	0	0	0	0	0	0	0	0
NCGC00357273-01	0	0	0	0	x	0	0	0	0	0	1	0
NCGC00357088-01	0	0	0	0	0	0	0	0	0	0	0	0
NCGC00357101-01	0	0	0	0	x	0	0	0	0	0	0	0
NCGC00357287-01	0	0	0	0	0	0	x	0	x	x	0	0
NCGC00357253-01	0	0	0	0	x	0	0	0	0	x	x	0
NCGC00357177-01	0	0	0	0	0	0	0	0	0	0	0	0
NCGC00357152-01	0	0	0	0	0	0	0	1	0	0	0	0
NCGC00357140-01	0	x	0	0	0	0	0	0	0	0	1	0
NCGC00357086-01	0	0	0	0	0	0	0	1	x	0	0	0
NCGC00357150-01	0	x	0	0	0	0	0	0	0	0	0	0
NCGC00357040-01	0	0	0	0	0	0	0	0	0	0	0	0
NCGC00357232-01	x	0	0	0	0	0	0	x	0	0	0	0
NCGC00357172-01	0	0	0	0	0	0	0	0	0	0	0	0
NCGC00357135-01	0	0	0	0	x	0	0	1	0	x	x	0
NCGC00357207-01	0	x	x	x	x	x	x	0	1	1	1	x
NCGC00356990-01	0	0	0	1	x	0	0	0	0	x	x	0
NCGC00357276-01	0	0	0	0	1	x	0	0	0	0	0	0
NCGC00357016-01	0	x	0	0	0	0	0	0	0	0	0	0
NCGC00357247-01	0	0	0	0	0	0	0	1	0	0	0	0
NCGC00357183-01	x	0	0	0	0	0	0	0	0	0	x	0
NCGC00357286-01	0	0	0	x	x	0	x	1	1	1	0	0
NCGC00357255-01	0	0	0	0	x	0	0	0	0	0	0	x
NCGC00357025-01	0	0	0	0	0	0	0	0	0	0	0	0
NCGC00357008-01	0	0	0	0	0	0	0	0	0	0	0	0
NCGC00356987-01	x	0	0	0	0	0	0	0	0	0	0	0
NCGC00357128-01	0	0	0	0	0	0	0	0	0	0	0	0
NCGC00357129-01	x	0	0	0	0	0	0	0	0	0	0	0
NCGC00356978-01	0	0	0	0	0	0	0	0	0	0	0	0
NCGC00357072-01	1	0	0	0	x	0	0	0	0	0	1	0
NCGC00357195-01	0	0	0	0	0	0	0	0	0	0	0	0
NCGC00357215-01	0	0	0	0	x	1	0	0	0	0	0	0
NCGC00357038-01	0	0	0	0	0	0	0	0	0	0	0	0
NCGC00357208-01	0	0	0	0	0	0	0	0	0	0	0	0
NCGC00357099-01	0	0	0	0	0	0	0	0	0	0	0	0
NCGC00357007-01	0	x	0	x	1	0	1	1	1	1	x	1
NCGC00356989-01	0	0	0	0	0	0	0	0	0	0	0	0
NCGC00357246-01	0	0	0	0	x	0	0	0	0	0	0	0
NCGC00357081-01	1	0	0	x	x	x	0	x	0	0	0	0
NCGC00357281-01	0	0	0	0	0	x	0	0	0	x	x	0
NCGC00357244-01	0	0	0	0	x	0	0	1	0	0	0	0
NCGC00357194-01	1	0	0	x	0	0	0	1	0	0	0	0
NCGC00357193-01	0	0	0	0	0	0	0	0	0	0	0	0
NCGC00357006-01	0	0	0	0	0	0	0	0	0	0	0	0
NCGC00357041-01	0	0	0	0	0	0	0	0	0	0	0	0
NCGC00357074-01	0	0	0	0	0	0	0	0	0	0	0	0
NCGC00357166-01	0	0	0	0	0	0	0	0	0	0	0	0
NCGC00357070-01	0	0	0	0	0	0	0	0	0	0	0	0
NCGC00357222-01	0	0	0	0	0	0	0	0	0	0	0	0
NCGC00357245-01	0	0	0	0	1	0	0	0	0	0	0	0
NCGC00357217-01	0	0	0	0	0	0	0	0	0	0	0	0
NCGC00357015-01	0	x	0	0	0	0	0	0	0	0	0	0
NCGC00357261-01	0	x	0	x	0	0	0	0	0	x	x	0
NCGC00357060-01	0	0	0	0	0	0	0	0	0	0	0	0
NCGC00357104-01	0	0	0	0	0	0	0	0	0	0	0	0
NCGC00357248-01	x	0	0	0	x	0	0	0	0	0	0	0
NCGC00357176-01	0	0	0	0	0	0	0	0	0	0	0	0
NCGC00357187-01	0	0	0	0	x	x	0	0	0	0	0	0
NCGC00357066-01	0	0	0	0	0	0	0	0	0	0	0	0
NCGC00357154-01	x	0	0	0	x	0	0	0	0	0	x	0
NCGC00357216-01	0	0	0	0	0	0	0	0	0	0	0	0
NCGC00357148-01	1	0	0	0	1	x	0	1	0	0	1	0
NCGC00357078-01	0	x	0	0	0	0	0	0	0	0	0	0
NCGC00357027-01	0	0	0	0	x	0	0	0	0	0	0	0
NCGC00357134-01	x	x	0	x	0	0	0	0	0	x	1	0
NCGC00357180-01	1	0	0	0	x	0	0	x	0	x	x	0
NCGC00356986-01	x	0	0	0	0	0	0	0	0	0	x	0
NCGC00356946-01	0	0	0	0	0	0	0	0	0	0	0	0
NCGC00356970-01	1	0	x	1	x	x	0	1	0	x	1	1
NCGC00357191-01	0	0	0	0	0	0	0	1	0	0	x	0
NCGC00357077-01	0	0	0	0	0	0	0	0	0	0	0	0
NCGC00357069-01	0	0	0	0	0	0	0	0	0	x	0	0
NCGC00356958-01	1	0	0	0	0	0	0	0	0	0	1	0
NCGC00357121-01	0	0	0	0	0	0	0	0	0	0	0	0
NCGC00357067-01	0	0	0	0	0	0	0	0	0	0	0	0
NCGC00357243-01	0	0	0	0	0	0	0	0	0	0	0	0
NCGC00357100-01	0	0	0	0	0	0	0	0	0	0	0	0
NCGC00356960-01	0	0	0	0	0	0	0	0	0	x	0	0
NCGC00357136-01	0	x	0	0	0	0	0	0	0	0	0	0
NCGC00357158-01	0	0	0	0	0	0	0	0	0	0	0	0
NCGC00356942-01	x	0	0	0	0	0	0	0	0	0	1	0
NCGC00357126-01	0	0	0	0	0	0	0	0	0	0	1	0
NCGC00357110-01	1	0	0	x	x	x	0	1	1	x	x	x
NCGC00357178-01	0	0	0	1	x	x	0	x	0	0	x	x
NCGC00357167-01	0	0	0	0	0	0	0	0	0	0	1	0
NCGC00357096-01	1	x	0	0	0	0	0	1	0	0	1	0
NCGC00357230-01	1	0	0	x	x	1	0	x	1	0	x	1
NCGC00357257-01	0	0	0	0	x	0	0	0	0	0	0	0
NCGC00356951-01	0	x	0	0	x	0	0	0	0	0	0	0
NCGC00357241-01	0	0	0	1	x	0	0	0	0	0	0	0
NCGC00357024-01	0	0	0	1	0	0	0	0	0	0	0	0
NCGC00357233-01	0	0	0	0	0	0	0	0	0	0	0	0
NCGC00357197-01	0	0	0	0	0	0	0	0	0	0	0	0
NCGC00357149-01	x	1	x	x	x	x	x	x	0	0	0	1
NCGC00357142-01	0	x	0	0	0	0	0	0	0	0	0	0
NCGC00357231-01	0	x	0	x	0	0	0	1	0	0	x	0
NCGC00357044-01	0	0	0	0	0	0	0	0	0	0	0	0
NCGC00357209-01	1	0	0	0	x	0	0	0	0	0	1	0
NCGC00357045-01	0	0	0	0	0	0	0	1	0	0	x	0
NCGC00357075-01	0	0	0	x	1	0	0	x	1	0	1	0
NCGC00356938-01	0	0	0	0	0	0	0	0	0	0	0	0
NCGC00357065-01	0	x	0	0	0	0	0	0	0	0	0	0
NCGC00357094-01	0	0	1	1	x	0	1	0	0	0	0	0
NCGC00357083-01	0	0	0	0	0	0	0	0	0	0	0	0
NCGC00357085-01	1	0	0	x	1	x	0	0	0	0	0	0
NCGC00357236-01	0	0	0	0	0	0	0	0	0	0	0	0
NCGC00357035-01	0	0	0	0	0	0	0	0	0	0	0	0
NCGC00357108-01	0	x	0	0	0	0	0	0	0	0	0	0
NCGC00357235-01	0	0	0	0	0	0	0	0	0	0	0	0
NCGC00357224-01	0	0	0	0	0	0	x	0	0	0	0	0
NCGC00357211-01	0	0	0	0	0	0	0	0	0	0	0	0
NCGC00357039-01	0	0	0	0	0	0	0	0	0	0	0	0
NCGC00357264-01	0	0	0	x	x	0	x	1	0	x	0	0
NCGC00357285-01	0	x	0	0	0	0	0	0	0	0	0	0
NCGC00357032-01	0	0	0	0	x	0	0	0	0	0	0	0
NCGC00357146-01	x	0	0	0	x	0	0	1	0	0	0	0
NCGC00357059-01	0	0	0	0	0	0	0	x	0	0	0	0
NCGC00357061-01	0	0	0	0	0	0	0	0	0	0	0	0
NCGC00357190-01	0	0	0	0	x	0	0	0	0	0	0	0
NCGC00356943-01	0	0	0	0	0	0	0	0	0	0	0	0
NCGC00357237-01	x	0	0	0	x	0	0	0	0	0	0	0
NCGC00357005-01	0	0	0	0	0	0	0	0	0	0	0	0
NCGC00357251-01	0	0	0	x	x	0	0	0	0	0	0	0
NCGC00357034-01	x	0	0	x	0	0	0	0	0	0	0	0
NCGC00356992-01	0	0	0	0	x	0	0	1	0	0	0	0
NCGC00357254-01	0	0	0	0	0	0	0	0	1	1	0	0
NCGC00357199-01	0	0	0	0	0	0	0	0	0	0	0	0
NCGC00356957-01	0	0	0	0	x	0	0	0	0	0	0	0
NCGC00356968-01	0	0	0	0	0	0	0	0	0	0	0	0
NCGC00357268-01	0	0	0	0	0	0	0	0	0	0	0	0
NCGC00357256-01	0	0	0	0	0	0	0	0	0	0	0	0
NCGC00357141-01	0	x	0	0	0	0	0	0	0	0	0	0
NCGC00357093-01	0	0	0	x	0	0	0	0	1	1	0	0
NCGC00357087-01	0	0	0	0	0	0	0	0	0	0	0	0
NCGC00357223-01	1	0	0	1	x	0	0	1	0	0	0	0
NCGC00357119-01	0	0	0	0	0	0	0	0	0	0	0	0
NCGC00357003-01	0	0	0	0	0	0	0	0	0	0	0	0
NCGC00357058-01	x	0	0	0	0	0	0	0	0	0	0	0
NCGC00357275-01	1	0	x	x	x	0	0	1	1	x	x	0
NCGC00357014-01	0	0	0	0	0	0	0	x	0	0	1	0
NCGC00357011-01	1	1	0	x	1	0	0	1	1	0	1	0
NCGC00356976-01	0	x	x	x	0	0	x	x	0	1	x	0
NCGC00357175-01	1	0	0	x	1	x	0	1	0	0	1	0
NCGC00357021-01	0	1	x	1	1	1	x	0	0	0	1	0
NCGC00357221-01	0	0	0	0	0	0	0	0	0	0	0	0
NCGC00356972-01	0	0	0	0	0	0	0	0	0	0	0	0
NCGC00357133-01	0	0	0	0	0	0	0	0	0	0	0	0
NCGC00357181-01	x	1	1	0	0	0	0	x	0	0	0	0
NCGC00357056-01	0	x	0	x	x	0	x	x	0	1	1	0
NCGC00356980-01	0	x	0	0	0	0	0	0	0	0	0	0
NCGC00357206-01	0	0	0	0	0	0	0	0	0	0	0	0
NCGC00357250-01	0	0	0	0	0	0	0	1	0	0	0	0
NCGC00357227-01	x	0	0	0	0	x	0	1	0	0	0	0
NCGC00356997-01	0	0	0	0	0	0	0	0	0	0	0	0
NCGC00356998-01	0	0	0	0	0	0	0	0	0	0	0	0
NCGC00357282-01	0	0	0	1	0	0	0	0	0	0	0	0
NCGC00357029-01	x	0	0	1	x	0	0	0	0	0	1	0
NCGC00356948-01	0	0	0	0	0	0	0	0	0	0	0	0
NCGC00357054-01	0	0	0	0	0	x	0	0	0	0	0	0
NCGC00356956-01	0	0	0	0	0	0	1	0	0	x	0	0
NCGC00356994-01	1	x	0	x	1	1	0	1	x	0	x	0
NCGC00356949-01	x	0	0	0	0	0	0	1	0	0	1	0
NCGC00357234-01	0	0	0	0	0	0	0	1	0	0	0	0
NCGC00356967-01	x	0	0	x	1	0	0	x	x	x	x	0
NCGC00357111-01	1	x	1	0	x	1	1	1	0	1	1	1
NCGC00357155-01	0	0	0	0	0	0	0	0	0	0	x	0
NCGC00357098-01	0	0	0	0	x	0	0	0	0	0	0	0
NCGC00357156-01	0	0	0	0	0	0	0	0	0	0	0	0
NCGC00357019-01	0	x	0	x	x	x	0	0	0	x	x	1
NCGC00357095-01	0	0	0	0	0	0	0	0	0	0	0	0
NCGC00357226-01	0	0	0	0	0	0	0	0	0	0	0	0
NCGC00357249-01	1	1	0	x	1	0	0	1	1	0	1	0
NCGC00357017-01	0	x	x	x	x	0	x	x	0	x	x	x
NCGC00357259-01	0	x	x	x	x	0	x	x	0	x	x	x
NCGC00357051-01	1	x	0	x	x	0	1	1	0	1	1	0
NCGC00356954-01	0	0	0	0	0	0	0	0	0	0	0	0
NCGC00357020-01	0	0	0	0	0	0	0	0	0	0	0	0
NCGC00357168-01	0	0	0	0	x	0	0	1	0	0	0	0
NCGC00357283-01	0	0	0	0	0	0	0	0	0	0	0	0
NCGC00357210-01	0	0	0	0	0	0	x	x	x	0	x	0
NCGC00357118-01	0	0	0	x	x	0	x	1	0	x	x	1
NCGC00357144-01	0	0	0	0	0	x	0	1	x	0	0	1
